board: 5x3 rectangle trimmed
holes: 2
We found a sample component with 80 configurations 

configurations found:
Configuration 0: (0, 0, 1, 2, 3, 4, 5, 6, 7, 8, 9, 10, 11)
Configuration 1: (2, 0, 1, 0, 3, 4, 5, 6, 7, 8, 9, 10, 11)
Configuration 2: (0, 2, 1, 0, 3, 4, 5, 6, 7, 8, 9, 10, 11)
Configuration 3: (2, 3, 1, 0, 0, 4, 5, 6, 7, 8, 9, 10, 11)
Configuration 4: (2, 0, 1, 3, 0, 4, 5, 6, 7, 8, 9, 10, 11)
Configuration 5: (1, 2, 0, 0, 3, 4, 5, 6, 7, 8, 9, 10, 11)
Configuration 6: (0, 2, 0, 1, 3, 4, 5, 6, 7, 8, 9, 10, 11)
Configuration 7: (2, 3, 1, 6, 0, 4, 5, 0, 7, 8, 9, 10, 11)
Configuration 8: (2, 3, 1, 0, 6, 4, 5, 0, 7, 8, 9, 10, 11)
Configuration 9: (1, 2, 5, 0, 3, 4, 0, 6, 7, 8, 9, 10, 11)
Configuration 10: (1, 2, 0, 5, 3, 4, 0, 6, 7, 8, 9, 10, 11)
Configuration 11: (2, 3, 1, 5, 6, 4, 0, 0, 7, 8, 9, 10, 11)
Configuration 12: (2, 3, 1, 0, 6, 4, 0, 5, 7, 8, 9, 10, 11)
Configuration 13: (1, 2, 5, 6, 3, 4, 0, 0, 7, 8, 9, 10, 11)
Configuration 14: (1, 2, 5, 0, 3, 4, 6, 0, 7, 8, 9, 10, 11)
Configuration 15: (1, 2, 4, 5, 3, 0, 0, 6, 7, 8, 9, 10, 11)
Configuration 16: (1, 2, 0, 5, 3, 0, 4, 6, 7, 8, 9, 10, 11)
Configuration 17: (2, 3, 0, 1, 6, 4, 0, 5, 7, 8, 9, 10, 11)
Configuration 18: (2, 3, 0, 0, 6, 4, 1, 5, 7, 8, 9, 10, 11)
Configuration 19: (1, 2, 5, 3, 0, 4, 6, 0, 7, 8, 9, 10, 11)
Configuration 20: (1, 2, 5, 0, 0, 4, 6, 3, 7, 8, 9, 10, 11)
Configuration 21: (1, 2, 4, 5, 3, 7, 0, 6, 0, 8, 9, 10, 11)
Configuration 22: (1, 2, 4, 5, 3, 0, 7, 6, 0, 8, 9, 10, 11)
Configuration 23: (2, 3, 4, 1, 6, 0, 0, 5, 7, 8, 9, 10, 11)
Configuration 24: (2, 3, 0, 1, 6, 0, 4, 5, 7, 8, 9, 10, 11)
Configuration 25: (0, 3, 2, 0, 6, 4, 1, 5, 7, 8, 9, 10, 11)
Configuration 26: (0, 3, 0, 2, 6, 4, 1, 5, 7, 8, 9, 10, 11)
Configuration 27: (1, 0, 5, 2, 0, 4, 6, 3, 7, 8, 9, 10, 11)
Configuration 28: (1, 0, 5, 0, 2, 4, 6, 3, 7, 8, 9, 10, 11)
Configuration 29: (2, 3, 4, 1, 6, 7, 0, 5, 0, 8, 9, 10, 11)
Configuration 30: (2, 3, 4, 1, 6, 0, 7, 5, 0, 8, 9, 10, 11)
Configuration 31: (3, 0, 2, 0, 6, 4, 1, 5, 7, 8, 9, 10, 11)
Configuration 32: (0, 0, 2, 3, 6, 4, 1, 5, 7, 8, 9, 10, 11)
Configuration 33: (0, 1, 5, 0, 2, 4, 6, 3, 7, 8, 9, 10, 11)
Configuration 34: (0, 0, 5, 1, 2, 4, 6, 3, 7, 8, 9, 10, 11)
Configuration 35: (3, 6, 2, 0, 0, 4, 1, 5, 7, 8, 9, 10, 11)
Configuration 36: (3, 0, 2, 6, 0, 4, 1, 5, 7, 8, 9, 10, 11)
Configuration 37: (5, 1, 0, 0, 2, 4, 6, 3, 7, 8, 9, 10, 11)
Configuration 38: (0, 1, 0, 5, 2, 4, 6, 3, 7, 8, 9, 10, 11)
Configuration 39: (3, 6, 2, 5, 0, 4, 1, 0, 7, 8, 9, 10, 11)
Configuration 40: (3, 6, 2, 0, 5, 4, 1, 0, 7, 8, 9, 10, 11)
Configuration 41: (5, 1, 6, 0, 2, 4, 0, 3, 7, 8, 9, 10, 11)
Configuration 42: (5, 1, 0, 6, 2, 4, 0, 3, 7, 8, 9, 10, 11)
Configuration 43: (3, 6, 2, 1, 5, 4, 0, 0, 7, 8, 9, 10, 11)
Configuration 44: (3, 6, 2, 0, 5, 4, 0, 1, 7, 8, 9, 10, 11)
Configuration 45: (5, 1, 6, 3, 2, 4, 0, 0, 7, 8, 9, 10, 11)
Configuration 46: (5, 1, 6, 0, 2, 4, 3, 0, 7, 8, 9, 10, 11)
Configuration 47: (5, 1, 4, 6, 2, 0, 0, 3, 7, 8, 9, 10, 11)
Configuration 48: (5, 1, 0, 6, 2, 0, 4, 3, 7, 8, 9, 10, 11)
Configuration 49: (3, 6, 0, 2, 5, 4, 0, 1, 7, 8, 9, 10, 11)
Configuration 50: (3, 6, 0, 0, 5, 4, 2, 1, 7, 8, 9, 10, 11)
Configuration 51: (5, 1, 6, 2, 0, 4, 3, 0, 7, 8, 9, 10, 11)
Configuration 52: (5, 1, 6, 0, 0, 4, 3, 2, 7, 8, 9, 10, 11)
Configuration 53: (5, 1, 4, 6, 2, 7, 0, 3, 0, 8, 9, 10, 11)
Configuration 54: (5, 1, 4, 6, 2, 0, 7, 3, 0, 8, 9, 10, 11)
Configuration 55: (3, 6, 4, 2, 5, 0, 0, 1, 7, 8, 9, 10, 11)
Configuration 56: (3, 6, 0, 2, 5, 0, 4, 1, 7, 8, 9, 10, 11)
Configuration 57: (0, 6, 3, 0, 5, 4, 2, 1, 7, 8, 9, 10, 11)
Configuration 58: (0, 6, 0, 3, 5, 4, 2, 1, 7, 8, 9, 10, 11)
Configuration 59: (5, 0, 6, 1, 0, 4, 3, 2, 7, 8, 9, 10, 11)
Configuration 60: (5, 0, 6, 0, 1, 4, 3, 2, 7, 8, 9, 10, 11)
Configuration 61: (3, 6, 4, 2, 5, 7, 0, 1, 0, 8, 9, 10, 11)
Configuration 62: (3, 6, 4, 2, 5, 0, 7, 1, 0, 8, 9, 10, 11)
Configuration 63: (6, 0, 3, 0, 5, 4, 2, 1, 7, 8, 9, 10, 11)
Configuration 64: (0, 0, 3, 6, 5, 4, 2, 1, 7, 8, 9, 10, 11)
Configuration 65: (0, 5, 6, 0, 1, 4, 3, 2, 7, 8, 9, 10, 11)
Configuration 66: (0, 0, 6, 5, 1, 4, 3, 2, 7, 8, 9, 10, 11)
Configuration 67: (6, 5, 3, 0, 0, 4, 2, 1, 7, 8, 9, 10, 11)
Configuration 68: (6, 0, 3, 5, 0, 4, 2, 1, 7, 8, 9, 10, 11)
Configuration 69: (6, 5, 0, 0, 1, 4, 3, 2, 7, 8, 9, 10, 11)
Configuration 70: (0, 5, 0, 6, 1, 4, 3, 2, 7, 8, 9, 10, 11)
Configuration 71: (6, 5, 3, 1, 0, 4, 2, 0, 7, 8, 9, 10, 11)
Configuration 72: (6, 5, 3, 0, 1, 4, 2, 0, 7, 8, 9, 10, 11)
Configuration 73: (6, 5, 3, 0, 1, 4, 0, 2, 7, 8, 9, 10, 11)
Configuration 74: (6, 5, 0, 3, 1, 4, 0, 2, 7, 8, 9, 10, 11)
Configuration 75: (6, 5, 3, 2, 1, 4, 0, 0, 7, 8, 9, 10, 11)
Configuration 76: (6, 5, 4, 3, 1, 0, 0, 2, 7, 8, 9, 10, 11)
Configuration 77: (6, 5, 0, 3, 1, 0, 4, 2, 7, 8, 9, 10, 11)
Configuration 78: (6, 5, 4, 3, 1, 7, 0, 2, 0, 8, 9, 10, 11)
Configuration 79: (6, 5, 4, 3, 1, 0, 7, 2, 0, 8, 9, 10, 11)

Relations in the graph:
0: [1, 2]
1: [2, 0, 3, 4]
2: [1, 0, 5, 6]
3: [4, 1, 7, 8]
4: [3, 1]
5: [2, 6, 9, 10]
6: [5, 2]
7: [8, 3]
8: [7, 3, 11, 12]
9: [10, 5, 13, 14]
10: [9, 5, 15, 16]
11: [8, 12]
12: [17, 18, 11, 8]
13: [14, 9]
14: [19, 20, 13, 9]
15: [10, 16, 21, 22]
16: [15, 10]
17: [12, 18, 23, 24]
18: [25, 26, 12, 17]
19: [14, 20]
20: [27, 28, 19, 14]
21: [22, 15]
22: [21, 15]
23: [17, 24, 29, 30]
24: [23, 17]
25: [31, 32, 18, 26]
26: [18, 25]
27: [20, 28]
28: [33, 34, 20, 27]
29: [30, 23]
30: [29, 23]
31: [25, 32, 35, 36]
32: [31, 25]
33: [28, 34, 37, 38]
34: [28, 33]
35: [36, 31, 39, 40]
36: [35, 31]
37: [33, 38, 41, 42]
38: [37, 33]
39: [40, 35]
40: [39, 35, 43, 44]
41: [42, 37, 45, 46]
42: [41, 37, 47, 48]
43: [40, 44]
44: [49, 50, 43, 40]
45: [46, 41]
46: [51, 52, 45, 41]
47: [42, 48, 53, 54]
48: [47, 42]
49: [44, 50, 55, 56]
50: [57, 58, 44, 49]
51: [46, 52]
52: [59, 60, 51, 46]
53: [54, 47]
54: [53, 47]
55: [49, 56, 61, 62]
56: [55, 49]
57: [63, 64, 50, 58]
58: [50, 57]
59: [52, 60]
60: [65, 66, 52, 59]
61: [62, 55]
62: [61, 55]
63: [57, 64, 67, 68]
64: [63, 57]
65: [60, 66, 69, 70]
66: [60, 65]
67: [68, 63, 71, 72]
68: [67, 63]
69: [65, 70, 73, 74]
70: [69, 65]
71: [72, 67]
72: [71, 67, 75, 73]
73: [74, 69, 75, 72]
74: [73, 69, 76, 77]
75: [72, 73]
76: [74, 77, 78, 79]
77: [76, 74]
78: [79, 76]
79: [78, 76]
